%YAML:1.0
---
K: !!opencv-matrix
   rows: 3
   cols: 3
   dt: d
   data: [ 372.69444659333158, 0., 321.25586033720543, 0.,
       370.94214517686936, 238.16525187180585, 0., 0., 1. ]
D: !!opencv-matrix
   rows: 1
   cols: 5
   dt: d
   data: [ -0.077539688092544148, 0.11434413356422894,
       -0.0010840613292431005, 0.0023648433447976307,
       -0.063446369070794623 ]
